
G/(R+G) green share | mean R | mean G    by all
  group    n                 gt        stock_vqgan            primary      specimen_cond       refA_stained     refB_unstained
    all  753   0.38  62.5  38.6   0.30  76.2  33.1   0.35  53.6  29.3   0.33  72.3  34.9   0.41  65.0  45.2   0.38  53.8  33.5

G/(R+G) green share | mean R | mean G    by tissue
  group    n                 gt        stock_vqgan            primary      specimen_cond       refA_stained     refB_unstained
  brain  483   0.43  57.1  42.4   0.34  68.1  35.0   0.38  46.2  28.6   0.37  63.1  36.8   0.45  58.3  47.4   0.42  47.1  34.8
  heart  270   0.30  72.3  31.7   0.25  90.7  29.7   0.31  66.9  30.7   0.26  88.7  31.7   0.35  76.9  41.3   0.32  65.8  31.1

G/(R+G) green share | mean R | mean G    by spec
  group    n                 gt        stock_vqgan            primary      specimen_cond       refA_stained     refB_unstained
      A   79   0.61  74.4 114.2   0.44  80.6  64.6   0.46  56.7  48.5   0.54  83.2  96.8   0.58  79.6 110.4   0.57  57.1  76.6
      B   55   0.42  77.5  56.1   0.30  99.5  43.3   0.31  70.6  31.4   0.36  94.8  52.9   0.43  83.2  62.8   0.38  69.5  42.9
      C   53   0.35  71.0  38.2   0.26  83.6  29.8   0.36  62.6  34.7   0.31  83.8  38.4   0.40  75.2  50.4   0.34  61.9  32.5
      D   50   0.40  30.0  20.3   0.34  54.0  27.2   0.36  32.8  18.8   0.32  32.5  15.6   0.41  35.7  24.5   0.36  33.2  18.4
      E   64   0.51  44.1  45.9   0.38  65.0  40.5   0.42  41.9  30.4   0.41  50.5  34.8   0.50  52.4  52.9   0.47  38.5  33.4
      F   50   0.27  67.3  24.7   0.19  93.4  21.3   0.24  69.4  22.1   0.23  85.2  25.2   0.30  76.4  33.1   0.29  66.4  26.7
      G   96   0.39  73.8  46.5   0.37  68.1  40.6   0.44  50.4  39.4   0.35  79.0  42.2   0.45  64.6  51.9   0.42  56.5  40.4
      H  126   0.31  46.8  21.1   0.29  63.8  25.6   0.34  40.9  21.0   0.27  51.9  19.7   0.37  50.5  29.6   0.37  40.0  23.9
      I   68   0.08  64.6   5.7   0.13  74.6  11.0   0.16  51.9   9.8   0.10  72.3   8.4   0.17  61.2  12.3   0.18  53.9  11.9
      J   59   0.22  79.8  22.7   0.22  96.7  27.1   0.32  74.0  35.3   0.19 100.1  23.8   0.28  82.1  32.7   0.29  70.9  28.6
      K   53   0.21  64.6  16.7   0.25  79.5  26.5   0.34  57.1  29.0   0.19  77.8  17.8   0.29  67.0  27.2   0.29  59.7  24.1
